crossing time (s)	slope (V/s)	crossing number
8816.223385	146.064967	6555
8817.236236	151.959169	6556
8818.263558	151.768351	6557
8819.282150	146.572586	6558
8820.338373	148.380259	6559
8821.329675	147.980858	6560
8822.349694	152.638663	6561
8823.366963	147.009966	6562
8824.365404	148.228501	6563
8825.403549	150.796015	6564
8826.445132	149.835496	6565
8827.454254	148.941901	6566
8828.480174	148.188458	6567
8829.507174	144.037661	6568
8830.526078	149.742245	6569
8831.557464	150.181418	6570
8832.560316	145.942819	6571
8833.590818	146.315840	6572
8834.615013	150.723318	6573
8835.623660	151.054037	6574
8836.641662	145.257751	6575
8837.663223	151.874579	6576
8838.698629	145.088908	6577
8839.729050	150.961227	6578
8840.749299	145.186764	6579
8841.775029	151.659708	6580
8842.795874	145.192175	6581
8843.810117	144.953586	6582
8844.836898	150.664078	6583
8845.847123	151.686030	6584
8846.871318	151.426768	6585
8847.899310	151.172610	6586
8848.914073	150.339188	6587
8849.934081	144.972283	6588
8850.949666	144.953301	6589
8851.974742	145.405781	6590
8852.994231	150.196022	6591
8854.042781	144.532767	6592
8855.054362	144.341398	6593
8856.058035	144.830826	6594
8857.099687	150.841275	6595
8858.133990	147.340723	6596
8859.129419	144.052131	6597
8860.142177	150.343936	6598
8861.195947	147.295323	6599
8862.221603	149.802114	6600
8863.222900	145.307375	6601
8864.260895	146.726570	6602
8865.271418	144.783747	6603
8866.274282	144.037096	6604
8867.310604	144.698516	6605
8868.321880	144.417210	6606
8869.350543	150.276057	6607
8870.364640	150.404910	6608
8871.392083	151.084404	6609
8872.420928	145.475963	6610
8873.429876	145.643560	6611
8874.459176	150.550849	6612
8875.490134	145.402686	6613
8876.505528	150.701970	6614
8877.529632	145.303980	6615
8878.540417	144.418869	6616
8879.573666	143.720970	6617
8880.584581	143.750446	6618
8881.614427	150.832053	6619
8882.624110	145.554656	6620
8883.658085	149.431133	6621
8884.685913	143.584236	6622
8885.696776	143.657762	6623
8886.730100	150.032650	6624
8887.737233	149.712792	6625
8888.760638	152.178850	6626
8889.794002	142.702762	6627
8890.811329	143.243089	6628
8891.857362	146.482877	6629
8892.831908	149.002225	6630
8893.888142	148.965940	6631
8894.882574	143.276895	6632
8895.929365	143.121052	6633
8896.926638	149.116523	6634
8897.962760	143.355798	6635
8898.968683	149.198927	6636
8899.997218	148.698740	6637
8901.033117	149.415812	6638
8902.055073	148.975070	6639
8903.078165	142.627561	6640
8904.085578	149.234748	6641
8905.108274	142.991624	6642
8906.118650	147.568883	6643
8907.163028	147.373336	6644
8908.167149	141.529780	6645
8909.187623	147.225341	6646
8910.235012	141.679689	6647
8911.242679	147.692498	6648
8912.278097	147.684238	6649
8913.283436	142.122711	6650
8914.311576	142.301316	6651
8915.343863	142.664726	6652
8916.352301	148.361858	6653
8917.341266	147.320066	6654
8918.384528	146.071066	6655
8919.404215	143.372105	6656
8920.441281	148.889239	6657
8921.469899	148.392169	6658
8922.488254	148.078249	6659
8923.478781	144.198776	6660
8924.537418	141.972097	6661
8925.551980	148.017065	6662
8926.568075	147.613124	6663
8927.597942	141.980487	6664
8928.602073	147.530705	6665
8929.613360	146.789288	6666
8930.661761	145.773543	6667
8931.702095	144.651313	6668
8932.723462	143.750707	6669
8933.724376	143.509391	6670
8934.752960	141.474950	6671
8935.752423	142.388026	6672
8936.792773	147.072268	6673
8937.802426	146.598047	6674
8938.840753	141.502398	6675
8939.859195	146.964647	6676
8940.877098	146.728958	6677
8941.895603	146.803539	6678
8942.923994	146.761614	6679
8943.953911	145.490329	6680
8944.971705	144.630402	6681
8945.978387	149.189108	6682
8947.004948	141.990677	6683
8948.022747	146.591487	6684
8949.055844	146.601890	6685
8950.071405	146.363822	6686
8951.095772	140.883202	6687
8952.120036	146.020976	6688
8953.124728	146.878052	6689
8954.155518	143.240735	6690
8955.180417	142.075736	6691
8956.192052	140.830113	6692
8957.229744	145.937396	6693
8958.264524	145.063273	6694
8959.267030	140.243033	6695
8960.283776	140.364292	6696
8961.319074	145.826172	6697
8962.327085	145.686780	6698
8963.352641	140.620466	6699
8964.388604	145.358672	6700
8965.395569	140.480732	6701
8966.426585	140.519711	6702
8967.464803	143.033986	6703
8968.455940	141.954682	6704
8969.479610	142.104772	6705
8970.496355	141.485615	6706
8971.528567	141.072623	6707
8972.553167	144.966366	6708
8973.605614	144.007312	6709
8974.589320	144.828575	6710
8975.607306	144.832639	6711
8976.627749	139.678097	6712
8977.658413	139.571418	6713
8978.671359	139.519422	6714
8979.701998	139.806391	6715
8980.705209	143.314459	6716
8981.745639	141.407857	6717
8982.783370	144.676153	6718
8983.793588	144.756848	6719
8984.814791	142.509580	6720
8985.839049	144.302833	6721
8986.856742	144.263303	6722
8987.879620	138.954003	6723
8988.893276	143.440828	6724
8989.916699	142.083658	6725
8990.933085	139.618008	6726
8991.948866	139.019023	6727
8992.970296	138.935465	6728
8994.009497	143.100310	6729
8995.024210	138.838526	6730
8996.032879	143.141467	6731
8997.098908	140.920512	6732
8998.093102	140.273743	6733
8999.120786	138.793633	6734
9000.147620	143.176121	6735
9001.154293	138.065469	6736
9002.184824	143.464163	6737
9003.203062	138.308861	6738
9004.230233	143.350697	6739
9005.241278	137.833423	6740
9006.275849	138.168574	6741
9007.277728	138.077627	6742
9008.306482	143.324563	6743
9009.341851	141.700935	6744
9010.351844	140.647158	6745
9011.399882	139.279215	6746
9012.403772	138.562826	6747
9013.423680	142.811734	6748
9014.438753	137.762601	6749
9015.456406	142.253451	6750
9016.467291	139.614871	6751
9017.510100	136.964644	6752
9018.517170	142.323303	6753
9019.553639	141.960531	6754
9020.568848	142.158419	6755
9021.596621	142.306041	6756
9022.613477	136.941138	6757
9023.635308	136.886821	6758
9024.659477	136.884400	6759
9025.674611	140.857288	6760
9026.688226	139.197130	6761
9027.712812	137.078376	6762
9028.743734	141.891875	6763
9029.763070	136.642481	6764
9030.791921	141.772877	6765
9031.782447	139.923121	6766
9032.820983	139.723795	6767
9033.841172	136.268171	6768
9034.867891	142.593744	6769
9035.895101	135.855228	6770
9036.911442	141.003300	6771
9037.952837	139.269477	6772
9038.957118	137.891421	6773
9039.965150	136.381866	6774
9041.015040	139.604868	6775
9042.024869	135.792017	6776
9043.049863	136.048659	6777
9044.066822	139.902844	6778
9045.090365	135.726291	6779
9046.108594	135.545049	6780
9047.120908	140.427956	6781
9048.148401	139.963235	6782
9049.173571	135.774589	6783
9050.193981	139.621795	6784
9051.224240	137.675217	6785
9052.242611	134.856204	6786
9053.245870	139.619534	6787
9054.279598	138.948923	6788
9055.293416	139.640100	6789
9056.324774	138.755580	6790
9057.362227	134.960386	6791
9058.375998	138.607596	6792
9059.394965	138.813977	6793
9060.403582	134.409703	6794
9061.431619	136.598064	6795
9062.448432	139.156667	6796
9063.506859	136.636359	6797
9064.492340	133.505368	6798
9065.533284	139.084000	6799
9066.562281	135.644732	6800
9067.570057	139.808871	6801
9068.600938	135.971296	6802
9069.620885	138.764651	6803
9070.619488	133.842440	6804
9071.655766	134.265271	6805
9072.675136	134.053538	6806
9073.718687	135.867410	6807
9074.699755	134.404512	6808
9075.720780	135.558111	6809
9076.739797	135.105288	6810
9077.782253	139.351203	6811
9078.794266	133.696952	6812
9079.811739	134.701742	6813
9080.841066	133.637157	6814
9081.873221	139.173719	6815
9082.889995	137.322257	6816
9083.896430	133.447691	6817
9084.920215	136.823218	6818
9085.957754	132.649619	6819
9086.979898	132.199918	6820
9087.985142	132.813707	6821
9089.027393	135.940136	6822
9090.045070	132.440768	6823
9091.040451	136.114367	6824
9092.084855	133.389759	6825
9093.102395	131.892016	6826
9094.136736	132.528930	6827
9095.143341	135.702986	6828
9096.169118	134.989584	6829
9097.183022	132.850358	6830
9098.189545	134.192757	6831
9099.232249	131.222243	6832
9100.250514	135.448630	6833
9101.279093	135.102384	6834
9102.286582	135.552593	6835
9103.332568	134.881969	6836
9104.353861	130.931593	6837
9105.365884	134.042657	6838
9106.378820	134.569420	6839
9107.400129	134.677991	6840
9108.424844	130.746395	6841
9109.447077	130.572145	6842
9110.464341	134.939442	6843
9111.502590	133.989240	6844
9112.517288	130.933923	6845
9113.538279	134.441075	6846
9114.565136	134.618443	6847
9115.567056	130.796974	6848
9116.597001	133.695203	6849
9117.604350	132.474795	6850
9118.636015	130.918902	6851
9119.676011	129.753255	6852
9120.687456	130.129274	6853
9121.706484	133.597286	6854
9122.754623	131.661610	6855
9123.760104	129.630640	6856
9124.776942	133.130431	6857
9125.792981	132.948753	6858
9126.814122	133.302660	6859
9127.843756	129.289836	6860
9128.855462	133.112686	6861
9129.880925	131.702884	6862
9130.889979	133.728493	6863
9131.918338	132.051785	6864
9132.948624	128.727938	6865
9133.971840	129.908637	6866
9134.980396	130.171526	6867
9136.009219	128.655289	6868
9137.040321	132.076354	6869
9138.047778	131.319564	6870
9139.080929	128.549348	6871
9140.105260	131.327143	6872
9141.109993	129.421689	6873
9142.130790	130.868528	6874
9143.173016	127.951862	6875
9144.187230	126.371732	6876
9145.188211	131.266285	6877
9146.219195	126.858354	6878
9147.250282	131.355650	6879
9148.279470	126.672683	6880
9149.295523	128.330988	6881
9150.323934	127.132681	6882
9151.332676	128.284420	6883
9152.346083	130.052838	6884
9153.380029	131.413038	6885
9154.401178	129.586300	6886
9155.423327	130.406719	6887
9156.433467	128.403917	6888
9157.465918	126.913576	6889
9158.471446	127.926854	6890
9159.501830	128.971786	6891
9160.533832	128.817971	6892
9161.552161	130.421459	6893
9162.573153	125.021091	6894
9163.585486	126.665362	6895
9164.613760	127.332264	6896
9165.635592	126.480111	6897
9166.649139	124.789559	6898
9167.695260	128.745496	6899
9168.701490	127.046545	6900
9169.710457	127.292637	6901
9170.740900	126.840235	6902
9171.761800	128.906857	6903
9172.795399	124.398332	6904
9173.819173	126.782761	6905
