time (s)	theta (A)	maj axis/z0	min axis/z0	crossing#mod 255
4593.445225	75.549179	1.731213	0.078255	23
4595.487911	75.708878	1.724565	0.083865	25
4597.533316	75.847275	1.719698	0.088601	27
4599.576913	75.930183	1.718254	0.095019	29
4601.622698	75.961876	1.716402	0.100005	31
4603.667026	75.748955	1.713396	0.105856	33
4605.711970	75.806557	1.712847	0.108792	35
4607.757162	75.762482	1.706463	0.114562	37
4609.801865	76.134659	1.702244	0.119335	39
4611.845990	76.216438	1.706071	0.123687	41
4613.889087	76.321976	1.703580	0.129098	43
4615.932204	76.435577	1.690629	0.136079	45
4617.977050	76.662361	1.680666	0.142749	47
4620.023733	76.684029	1.681788	0.147009	49
4622.069233	76.524681	1.679322	0.151426	51
4624.114261	76.693527	1.677184	0.155880	53
4626.158484	76.869415	1.678310	0.160643	55
4628.201687	77.042496	1.675351	0.165743	57
4630.244692	77.241524	1.667976	0.171492	59
4632.289297	77.567123	1.660617	0.178378	61
4634.333841	77.929665	1.657891	0.184614	63
4636.378667	78.157768	1.655562	0.190173	65
4638.423679	78.336716	1.652685	0.195346	67
4640.467917	78.599770	1.650904	0.200712	69
4642.512347	78.827866	1.644916	0.205612	71
4644.557040	78.908173	1.642330	0.210290	73
4646.602308	78.832024	1.637252	0.215736	75
4648.648651	78.662987	1.635244	0.220806	77
4650.694593	78.315773	1.629445	0.227304	79
4652.739983	77.913933	1.628757	0.233871	81
4654.783463	78.185539	1.634478	0.238695	83
4656.827467	78.982880	1.637345	0.244247	85
4658.870210	79.962532	1.631520	0.249046	87
4660.913985	80.615860	1.619207	0.252881	89
4662.958579	80.672966	1.614270	0.258306	91
4665.004129	80.513504	1.612798	0.263930	93
4667.050413	80.341080	1.612483	0.269738	95
4669.096043	80.160645	1.605042	0.275623	97
4671.141637	80.159256	1.604121	0.282282	99
4673.186353	80.294350	1.601514	0.288015	101
4675.231236	80.572578	1.597290	0.293004	103
4677.275922	80.961792	1.592497	0.297284	105
4679.320091	81.349281	1.588527	0.301004	107
4681.364285	81.639847	1.586178	0.305424	109
4683.407512	82.195724	1.587446	0.312537	111
4685.451480	82.628258	1.578478	0.318664	113
4687.495949	83.074699	1.568563	0.324751	115
4689.541121	83.308594	1.564519	0.329854	117
4691.587363	83.173904	1.566512	0.334560	119
4693.633064	83.010963	1.565370	0.338962	121
4695.678100	82.852203	1.559265	0.342119	123
4697.723378	83.005852	1.553815	0.347447	125
4699.768382	83.403358	1.551801	0.352205	127
4701.812334	83.899765	1.552193	0.356412	129
4703.856183	84.395287	1.551001	0.361712	131
4705.899925	84.925095	1.550847	0.367814	133
4707.944234	85.366005	1.542687	0.373073	135
4709.988589	85.792740	1.536682	0.378662	137
4712.033376	86.182251	1.532140	0.384393	139
4714.078398	86.489029	1.528751	0.389210	141
4716.123688	86.764229	1.524680	0.393271	143
4718.168963	86.938210	1.520840	0.397536	145
4720.215116	87.028702	1.518471	0.403215	147
4722.261648	87.057800	1.514950	0.408639	149
4724.307737	87.014854	1.507987	0.413296	151
4726.353613	86.981537	1.501171	0.418237	153
4728.398772	87.008011	1.496668	0.421928	155
4730.443267	87.309525	1.498630	0.426646	157
4732.487621	87.861710	1.498365	0.430010	159
4734.531685	88.561607	1.498640	0.435045	161
4736.575797	89.433434	1.496758	0.439618	163
4738.619956	90.192795	1.490285	0.444650	165
4740.664083	90.783058	1.481355	0.448297	167
4742.708807	91.150459	1.472680	0.450470	169
4744.754175	91.336113	1.467269	0.453406	171
4746.800352	91.494606	1.466367	0.457907	173
4748.846772	91.609253	1.463280	0.462198	175
4750.892719	91.870369	1.459801	0.466204	177
4752.938794	92.131958	1.451317	0.467745	179
4754.983725	92.470497	1.448298	0.472837	181
4757.029445	92.923859	1.447618	0.477905	183
4759.073614	93.497009	1.445075	0.482261	185
4761.117999	93.994339	1.439991	0.486440	187
4763.162704	94.536072	1.434234	0.491472	189
4765.208165	95.053894	1.428518	0.496591	191
4767.254211	95.383499	1.423187	0.500000	193
4769.301065	95.628845	1.419545	0.500000	195
4771.347744	95.794830	1.417877	0.500000	197
4773.394160	95.724617	1.414337	0.500000	199
4775.440094	95.747009	1.408930	0.500000	201
4777.486118	95.947281	1.404672	0.500000	203
4779.531380	96.205956	1.398584	0.500000	205
4781.576519	96.569176	1.391078	0.500000	207
4783.622225	96.916138	1.385709	0.500000	209
4785.667676	97.481583	1.381346	0.500000	211
4787.712657	98.125214	1.345026	0.500000	213
4789.757703	98.718918	1.343836	0.500000	215
4791.802583	99.330902	1.343359	0.500000	217
4793.847208	99.953125	1.371635	0.500000	219
4795.892005	100.594681	1.368332	0.500000	221
4797.937134	101.131165	1.363555	0.500000	223
4799.982180	101.697449	1.358086	0.500000	225
4802.027749	102.125473	1.352704	0.500000	227
4804.073898	102.577576	1.347492	0.500000	229
4806.120094	102.947052	1.343175	0.500000	231
4808.167066	103.361763	1.339764	0.500000	233
4810.213574	103.694580	1.337380	0.500000	235
4812.260421	103.990807	1.332438	0.500000	237
4814.307581	104.250359	1.326823	0.500000	239
4816.353809	104.485947	1.320042	0.500000	241
4818.400202	104.696671	1.315168	0.500000	243
4820.446400	104.938362	1.312078	0.500000	245
4822.491953	105.395279	1.308773	0.500000	247
4824.536779	105.742920	1.306891	0.500000	249
4826.581824	106.108734	1.302573	0.500000	251
4828.626910	106.468460	1.298604	0.500000	253
4830.672474	106.997818	1.300349	0.500000	255
4832.717223	107.596748	1.301582	0.500000	1
4834.762751	108.200310	1.302125	0.500000	3
4836.807167	108.917801	1.299904	0.500000	5
4838.852274	109.679352	1.298994	0.500000	7
4840.896997	110.428406	1.294876	0.500000	9
4842.941964	111.271912	1.288906	0.500000	11
4844.986609	112.088165	1.284348	0.500000	13
4847.031389	112.681709	1.280537	0.500000	15
4849.076232	113.115395	1.274435	0.500000	17
4851.121746	113.615883	1.269718	0.500000	19
4853.166804	113.987297	1.267779	0.500000	21
4855.213057	114.382637	1.266225	0.500000	23
4857.259228	114.895088	1.263607	0.500000	25
4859.304992	115.453415	1.260576	0.500000	27
4861.350669	115.902512	1.258468	0.500000	29
4863.395589	116.444641	1.254731	0.500000	31
4865.442244	117.000198	1.252861	0.500000	33
4867.487618	117.520470	1.252041	0.500000	35
4869.534097	117.967728	1.254050	0.500000	37
4871.580948	118.348793	1.254241	0.500000	39
4873.627451	118.638779	1.254754	0.500000	41
4875.674647	118.828331	1.256051	0.500000	43
4877.720462	119.001732	1.255902	0.500000	45
4879.766719	119.104050	1.255332	0.500000	47
4881.812186	119.221100	1.254089	0.500000	49
4883.857863	119.539909	1.253904	0.500000	51
4885.903344	119.883011	1.253417	0.500000	53
4887.948552	120.264832	1.250933	0.500000	55
4889.994181	120.602646	1.248891	0.500000	57
4892.039110	120.966957	1.247780	0.500000	59
4894.084108	121.491158	1.248011	0.500000	61
4896.129662	121.862297	1.247337	0.500000	63
4898.173831	122.314445	1.242516	0.500000	65
4900.219394	122.659279	1.238677	0.500000	67
4902.263755	123.048874	1.236654	0.500000	69
4904.308410	123.482925	1.237659	0.500000	71
4906.353769	123.879524	1.236600	0.500000	73
4908.398441	124.283684	1.235191	0.500000	75
4910.443015	124.745728	1.233818	0.500000	77
4912.487865	125.096909	1.232869	0.500000	79
4914.532677	125.468536	1.232629	0.500000	81
4916.577304	125.920982	1.230468	0.500000	83
4918.622025	126.342110	1.230461	0.500000	85
4920.666503	126.701836	1.229911	0.500000	87
4922.711231	127.084366	1.229353	0.500000	89
4924.755946	127.524872	1.228792	0.500000	91
4926.800549	127.912071	1.229164	0.500000	93
4928.844853	128.269257	1.227648	0.500000	95
4930.889518	128.755692	1.227520	0.500000	97
4932.933817	129.260193	1.227633	0.500000	99
4934.977944	129.816772	1.228743	0.500000	101
4937.022608	130.314423	1.229539	0.500000	103
4939.067156	130.966553	1.232612	0.500000	105
4941.110970	131.460739	1.231600	0.500000	107
4943.155371	132.131012	1.230552	0.500000	109
4945.199255	132.898392	1.227765	0.500000	111
4947.243318	133.528580	1.226728	0.500000	113
4949.287497	134.160477	1.198655	0.500000	115
4951.331565	134.665787	1.196147	0.500000	117
4953.375448	135.091385	1.195383	0.500000	119
4955.419967	135.477905	1.195280	0.500000	121
4957.464413	135.825256	1.222161	0.500000	123
4959.508778	136.243103	1.221186	0.500000	125
4961.553188	136.624893	1.220521	0.500000	127
4963.598000	136.948242	1.219654	0.500000	129
4965.642884	137.308151	1.221614	0.500000	131
4967.687812	137.627609	1.219944	0.500000	133
4969.733176	138.004486	1.222225	0.500000	135
4971.778073	138.321396	1.220685	0.500000	137
